function Trans = waterTransmission(zenithAngle_deg, Pwv_cm, pressure_mbar, Lam, waveUnits)
    % Water vapor transmission of the Earth atmosphere. SMARTS 2.9.5 model implementation 
    % Input :  - Lam (double array): Wavelength array.
    %          - Config (struct): Configuration struct from inputConfig()
    %            Uses Config.Atmospheric.Zenith_angle_deg
    %            Uses Config.Atmospheric.Components.Water.Pwv_cm
    %            Uses Config.Atmospheric.Pressure_mbar
    %            Uses Config.Data.Wave_units
    %          * ...,key,val,...
    %            'AbsorptionData' - Pre-loaded absorption data to avoid file I/O
    % Output : - Trans (double array): The calculated transmission values (0-1).
    % Reference: Gueymard, C. A. (2019). Solar Energy, 187, 233-253.
    % Author : D. Kovaleva (Jul 2025) 
    % Example: Config = transmissionFast.inputConfig('default');
    %          Lam = transmissionFast.utils.makeWavelengthArray(Config);
    %          Trans = transmissionFast.atmospheric.waterTransmittance(Lam, Config);
    %          % With pre-loaded data:
    %          AbsData = transmissionFast.data.loadAbsorptionData([], {'H2O'}, false);
    %          Trans = transmissionFast.atmospheric.waterTransmittance(Lam, Config, 'AbsorptionData', AbsData);

    arguments
        zenithAngle_deg = 55.18
        Pwv_cm = 1.0
        pressure_mbar = 965
        Lam = linspace(300,1100,401)
        waveUnits string = "nm"
    end

 % H2O absorption data
 H2O_absorption = [
 0.0000000000e+00
 0.0000000000e+00
 0.0000000000e+00
 0.0000000000e+00
 0.0000000000e+00
 0.0000000000e+00
 0.0000000000e+00
 0.0000000000e+00
 0.0000000000e+00
 0.0000000000e+00
 0.0000000000e+00
 0.0000000000e+00
 0.0000000000e+00
 0.0000000000e+00
 0.0000000000e+00
 0.0000000000e+00
 0.0000000000e+00
 0.0000000000e+00
 0.0000000000e+00
 0.0000000000e+00
 0.0000000000e+00
 0.0000000000e+00
 0.0000000000e+00
 0.0000000000e+00
 0.0000000000e+00
 0.0000000000e+00
 0.0000000000e+00
 0.0000000000e+00
 0.0000000000e+00
 0.0000000000e+00
 0.0000000000e+00
 0.0000000000e+00
 0.0000000000e+00
 0.0000000000e+00
 0.0000000000e+00
 0.0000000000e+00
 0.0000000000e+00
 0.0000000000e+00
 0.0000000000e+00
 0.0000000000e+00
 0.0000000000e+00
 0.0000000000e+00
 0.0000000000e+00
 0.0000000000e+00
 0.0000000000e+00
 0.0000000000e+00
 0.0000000000e+00
 0.0000000000e+00
 0.0000000000e+00
 0.0000000000e+00
 0.0000000000e+00
 0.0000000000e+00
 0.0000000000e+00
 0.0000000000e+00
 0.0000000000e+00
 0.0000000000e+00
 0.0000000000e+00
 0.0000000000e+00
 0.0000000000e+00
 0.0000000000e+00
 0.0000000000e+00
 0.0000000000e+00
 0.0000000000e+00
 0.0000000000e+00
 0.0000000000e+00
 0.0000000000e+00
 0.0000000000e+00
 0.0000000000e+00
 0.0000000000e+00
 0.0000000000e+00
 0.0000000000e+00
 0.0000000000e+00
 0.0000000000e+00
 0.0000000000e+00
 0.0000000000e+00
 0.0000000000e+00
 0.0000000000e+00
 0.0000000000e+00
 0.0000000000e+00
 0.0000000000e+00
 0.0000000000e+00
 0.0000000000e+00
 0.0000000000e+00
 0.0000000000e+00
 4.7450300000e-05
 3.2969300000e-04
 1.6875100000e-04
 4.7450300000e-05
 0.0000000000e+00
 0.0000000000e+00
 0.0000000000e+00
 0.0000000000e+00
 0.0000000000e+00
 1.5292600000e-04
 1.0545700000e-04
 6.8542100000e-05
 1.5815800000e-05
 0.0000000000e+00
 0.0000000000e+00
 0.0000000000e+00
 8.9635600000e-05
 7.1001100000e-04
 5.7884400000e-03
 2.2962800000e-03
 2.0912500000e-03
 1.0776400000e-03
 1.8985300000e-04
 0.0000000000e+00
 0.0000000000e+00
 0.0000000000e+00
 0.0000000000e+00
 0.0000000000e+00
 2.1623200000e-04
 2.1088000000e-05
 4.2177700000e-05
 9.7546100000e-05
 2.6359100000e-06
 0.0000000000e+00
 1.0543800000e-05
 7.6452000000e-05
 6.3073300000e-04
 2.0070800000e-03
 1.6778900000e-03
 2.2120600000e-03
 6.5715600000e-04
 3.8512200000e-04
 8.4362100000e-05
 2.6359100000e-06
 0.0000000000e+00
 0.0000000000e+00
 0.0000000000e+00
 0.0000000000e+00
 3.9541400000e-05
 9.7546100000e-05
 1.5862700000e-03
 3.6713500000e-03
 3.0178600000e-03
 2.2043100000e-03
 1.8459200000e-03
 7.8931300000e-04
 3.3761000000e-04
 3.0858000000e-04
 5.8317700000e-04
 1.3817100000e-03
 9.9162700000e-03
 2.3618500000e-02
 2.0788400000e-02
 1.6842500000e-02
 1.0119500000e-02
 8.5707800000e-03
 3.8146000000e-03
 1.2073600000e-03
 2.2150800000e-04
 0.0000000000e+00
 0.0000000000e+00
 0.0000000000e+00
 0.0000000000e+00
 0.0000000000e+00
 0.0000000000e+00
 0.0000000000e+00
 0.0000000000e+00
 0.0000000000e+00
 0.0000000000e+00
 5.3298900000e-04
 4.0800800000e-03
 1.6119300000e-03
 3.2787600000e-03
 1.4109600000e-03
 1.3853900000e-03
 7.3908500000e-04
 7.8666900000e-04
 7.2058300000e-04
 1.1808900000e-03
 6.7218800000e-03
 1.8012600000e-02
 8.1300400000e-03
 1.9876400000e-02
 5.9366100000e-03
 8.2285300000e-03
 5.9343200000e-03
 3.4291300000e-03
 6.0431200000e-04
 6.1752200000e-04
 3.1913600000e-04
 2.6359100000e-06
 1.0543800000e-05
 0.0000000000e+00
 0.0000000000e+00
 0.0000000000e+00
 0.0000000000e+00
 4.2177700000e-05
 2.8219200000e-04
 6.3601700000e-04
 6.8093900000e-04
 4.6696600000e-04
 9.9296400000e-04
 7.6688300000e-03
 4.3647200000e-02
 3.7900200000e-02
 9.6209900000e-03
 2.6355100000e-02
 2.4318400000e-02
 1.6064200000e-02
 1.3171000000e-02
 1.2395100000e-02
 1.0093300000e-02
 6.6435100000e-03
 8.4705600000e-03
 1.6957300000e-02
 1.2378900000e-01
 1.4516100000e-01
 2.6310300000e-02
 1.1724200000e-01
 9.0952200000e-02
 1.1121500000e-01
 6.5983300000e-02
 5.5840800000e-02
 2.2852300000e-02
 2.3722700000e-02
 1.3131000000e-02
 9.6179900000e-03
 4.2742600000e-03
 1.9043900000e-03
 7.5494600000e-04
 2.5844400000e-04
 1.5028900000e-04
 1.0018300000e-04
 1.0809400000e-04
 0.0000000000e+00
 0.0000000000e+00
 0.0000000000e+00
 0.0000000000e+00
 0.0000000000e+00
 0.0000000000e+00
 0.0000000000e+00
 0.0000000000e+00
 0.0000000000e+00
 1.5815800000e-05
 1.0543800000e-05
 7.3815300000e-05
 5.0086700000e-05
 9.2272400000e-05
 8.6998800000e-05
 1.5935200000e-03
 1.0308000000e-02
 2.4184300000e-02
 1.3137400000e-02
 2.6429000000e-03
 1.9602100000e-02
 7.0288100000e-03
 1.3719700000e-02
 1.5275300000e-02
 1.5360300000e-02
 6.0006500000e-03
 6.3261800000e-03
 1.6218500000e-02
 3.1483500000e-02
 1.0117400000e-01
 1.4671300000e-01
 1.4149600000e-01
 1.1036700000e-01
 4.5946600000e-02
 6.2055200000e-02
 6.8141500000e-02
 1.1993300000e-01
 6.8822700000e-02
 8.2277000000e-02
 5.0513500000e-02
 3.6088000000e-02
 2.0260400000e-02
 9.8943200000e-03
 8.8174800000e-03
 7.2494600000e-03
 2.3727300000e-03
 2.9041500000e-03
 2.5154300000e-03
 3.9468700000e-03
 3.8406000000e-03
 2.3509900000e-03
 1.4401900000e-03
 4.4814000000e-05
 0.0000000000e+00
 1.0809400000e-04
 0.0000000000e+00
 1.0543800000e-05
 0.0000000000e+00
 0.0000000000e+00
 0.0000000000e+00
 3.6136500000e-04
 6.7036900000e-04
 4.1416000000e-04
 1.9373700000e-03
 1.3853900000e-03
 5.6061900000e-03
 5.8457500000e-03
 5.8438200000e-03
 8.8850800000e-03
 3.8074800000e-02
 1.0614800000e-01
 1.3323400000e-01
 1.1100500000e-01
 1.4891500000e-01
 4.0745100000e-02
 8.1720100000e-02
 1.7519800000e-01
 1.8897900000e-01
 1.3541200000e-01
 1.9281000000e-01
 2.4239200000e-01
 2.1776900000e-01
 9.3424400000e-02
 1.0714200000e-01
 9.2023500000e-02
 9.0266100000e-02
 2.0179900000e-01
 4.4735000000e-01
 8.8744100000e-01
 1.3936800000e+00
 1.5614700000e+00
 1.1910800000e+00
 4.0458900000e-01
 5.2955100000e-01
 1.1004900000e+00
 1.3197800000e+00
 9.7800100000e-01
 1.4850100000e+00
 9.1432000000e-01
 4.7632700000e-01
 7.0009900000e-01
 5.0029300000e-01
 4.2670900000e-01
 4.2690200000e-01
 4.0044700000e-01
 2.3921200000e-01
 1.0231000000e-01
 1.1675900000e-01
 7.3338100000e-02
 1.5472200000e-01
 1.6587000000e-01
 1.2432800000e-01
 1.3556900000e-01
 5.9336100000e-02
 2.0395600000e-02
 1.0517800000e-02
 1.8747100000e-02
 1.6691300000e-02
 3.7777300000e-03
 2.6291800000e-03
 3.0545500000e-03
 2.5485700000e-03
 4.8419900000e-03
 1.2260900000e-02
 5.3249600000e-03
 3.5719300000e-03
 4.4911600000e-03
 7.6396400000e-03
 4.1455200000e-03
 1.3377900000e-03
 1.9445000000e-03
 9.3211600000e-04
